00100004000000000000000000430000000029500000005000000000619500
00600004000000000000000000190000000029917360005000000000628264
00100004000000000000000000440000000048347110005000000001015289
00100004000000000000000000450000000069500000005000000001459500
00100004000000000000000000460000000054000000005000000001134000
00600004000000000000000000200000000000144630005000000000003037
00100004000000000000000000470000000049500000005000000001039500
00100004000000000000000000480000000051000000005000000001071000
00100004000000000000000000490000000049500000005000000001039500
00100004000000000000000000500000000015815000005000000000332115
